111 1E EE 01 09 91 11 4E EE EE EE EE 16 06 37 16 06 40    09 03 00 00 03 00 02 00 03 1E EE 01 09 91 11 4E EE EE EE EE 16 06 37 16 06 40    09 03 00 00 03 00 02 00 03 1E EE 01 09 91 11 4E EE EE EE EE 16 06 37 16 06 40    09 03 00 00 03 00 02 00 03 1E EE 01 09 91 11 4E EE EE EE EE 16 06 37 16 06 40    09 03 00 00 03 00 02 00 03 1E EE 01 09 91 11 4E EE EE EE EE 16 06 37 16 06 40    09 03 00 00 03 00 02 00 03 1E EE 01 09 91 11 4E EE EE EE EE 16 06 37 16 06 40    09 03 00 00 03 00 02 00 03 1E EE 01 09 91 11 4E EE EE EE EE 16 06 37 16 06 40    09 03 00 00 03 00 02 00 03 1E EE 01 09 91 11 4E EE EE EE EE 16 06 37 16 06 40    09 03 00 00 03 00 02 00 03 1E EE 01 09 91 11 4E EE EE EE EE 16 06 37 16 06 40    09 03 00 00 03 00 02 00 03 1E EE 01 09 91 11 4E EE EE EE EE 16 06 37 16 06 40    09 03 00 00 03 00 02 00 03 1E EE 01 09 91 11 4E EE EE EE EE 16 06 37 16 06 40    09 03 00 00 03 00 02 00 03 1E EE 01 09 91 11 4E EE EE EE EE 16 06 37 16 06 40    09 03 00 00 03 00 02 00 03 1E EE 01 09 91 11 4E EE EE EE EE 16 06 37 16 06 40    09 03 00 00 03 00 02 00 03 111

111 1E EE 01 09 91 11 4E EE EE EE EE 16 06 37 16 06 40    09 03 00 00 03 00 02 00 03 1E EE 01 09 91 11 4E EE EE EE EE 16 06 37 16 06 40    09 03 00 00 03 00 02 00 03 1E EE 01 09 91 11 4E EE EE EE EE 16 06 37 16 06 40    09 03 00 00 03 00 02 00 03 1E EE 01 09 91 11 4E EE EE EE EE 16 06 37 16 06 40    09 03 00 00 03 00 02 00 03 1E EE 01 09 91 11 4E EE EE EE EE 16 06 37 16 06 40    09 03 00 00 03 00 02 00 03 1E EE 01 09 91 11 4E EE EE EE EE 16 06 37 16 06 40    09 03 00 00 03 00 02 00 03 1E EE 01 09 91 11 4E EE EE EE EE 16 06 37 16 06 40    09 03 00 00 03 00 02 00 03 1E EE 01 09 91 11 4E EE EE EE EE 16 06 37 16 06 40    09 03 00 00 03 00 02 00 03 1E EE 01 09 91 11 4E EE EE EE EE 16 06 37 16 06 40    09 03 00 00 03 00 02 00 03 1E EE 01 09 91 11 4E EE EE EE EE 16 06 37 16 06 40    09 03 00 00 03 00 02 00 03 1E EE 01 09 91 11 4E EE EE EE EE 16 06 37 16 06 40    09 03 00 00 03 00 02 00 03 1E EE 01 09 91 11 4E EE EE EE EE 16 06 37 16 06 40    09 03 00 00 03 00 02 00 03 1E EE 01 09 91 11 4E EE EE EE EE 16 06 37 16 06 40    09 03 00 00 03 00 02 00 03 111

111 1E EE 01 09 91 11 4E EE EE EE EE 16 06 37 16 06 40    09 03 00 00 03 00 02 00 03 1E EE 01 09 91 11 4E EE EE EE EE 16 06 37 16 06 40    09 03 00 00 03 00 02 00 03 1E EE 01 09 91 11 4E EE EE EE EE 16 06 37 16 06 40    09 03 00 00 03 00 02 00 03 1E EE 01 09 91 11 4E EE EE EE EE 16 06 37 16 06 40    09 03 00 00 03 00 02 00 03 1E EE 01 09 91 11 4E EE EE EE EE 16 06 37 16 06 40    09 03 00 00 03 00 02 00 03 1E EE 01 09 91 11 4E EE EE EE EE 16 06 37 16 06 40    09 03 00 00 03 00 02 00 03 1E EE 01 09 91 11 4E EE EE EE EE 16 06 37 16 06 40    09 03 00 00 03 00 02 00 03 1E EE 01 09 91 11 4E EE EE EE EE 16 06 37 16 06 40    09 03 00 00 03 00 02 00 03 1E EE 01 09 91 11 4E EE EE EE EE 16 06 37 16 06 40    09 03 00 00 03 00 02 00 03 1E EE 01 09 91 11 4E EE EE EE EE 16 06 37 16 06 40    09 03 00 00 03 00 02 00 03 1E EE 01 09 91 11 4E EE EE EE EE 16 06 37 16 06 40    09 03 00 00 03 00 02 00 03 1E EE 01 09 91 11 4E EE EE EE EE 16 06 37 16 06 40    09 03 00 00 03 00 02 00 03 1E EE 01 09 91 11 4E EE EE EE EE 16 06 37 16 06 40    09 03 00 00 03 00 02 00 03 111

111 1E EE 01 09 91 11 4E EE EE EE EE 16 06 37 16 06 40    09 03 00 00 03 00 02 00 03 1E EE 01 09 91 11 4E EE EE EE EE 16 06 37 16 06 40    09 03 00 00 03 00 02 00 03 1E EE 01 09 91 11 4E EE EE EE EE 16 06 37 16 06 40    09 03 00 00 03 00 02 00 03 1E EE 01 09 91 11 4E EE EE EE EE 16 06 37 16 06 40    09 03 00 00 03 00 02 00 03 1E EE 01 09 91 11 4E EE EE EE EE 16 06 37 16 06 40    09 03 00 00 03 00 02 00 03 1E EE 01 09 91 11 4E EE EE EE EE 16 06 37 16 06 40    09 03 00 00 03 00 02 00 03 1E EE 01 09 91 11 4E EE EE EE EE 16 06 37 16 06 40    09 03 00 00 03 00 02 00 03 1E EE 01 09 91 11 4E EE EE EE EE 16 06 37 16 06 40    09 03 00 00 03 00 02 00 03 1E EE 01 09 91 11 4E EE EE EE EE 16 06 37 16 06 40    09 03 00 00 03 00 02 00 03 1E EE 01 09 91 11 4E EE EE EE EE 16 06 37 16 06 40    09 03 00 00 03 00 02 00 03 1E EE 01 09 91 11 4E EE EE EE EE 16 06 37 16 06 40    09 03 00 00 03 00 02 00 03 1E EE 01 09 91 testE EE EE EE EE 16 06 37 16 06 40    09 03 00 00 03 00 02 00 03 1E EE 01 09 91 11 4E EE EE EE EE 16 06 37 16 06 40    09 03 00 00 03 00 02 00 03 111

111 1E EE 01 09 91 11 4E EE EE EE EE 16 06 37 16 06 40    09 03 00 00 03 00 02 00 03 1E EE 01 09 91 11 4E EE EE EE EE 16 06 37 16 06 40    09 03 00 00 03 00 02 00 03 1E EE 01 09 91 11 4E EE EE EE EE 16 06 37 16 06 40    09 03 00 00 03 00 02 00 03 1E EE 01 09 91 11 4E EE EE EE EE 16 06 37 16 06 40    09 03 00 00 03 00 02 00 03 1E EE 01 09 91 11 4E EE EE EE EE 16 06 37 16 06 40    09 03 00 00 03 00 02 00 03 1E EE 01 09 91 11 4E EE EE EE EE 16 06 37 16 06 40    09 03 00 00 03 00 02 00 03 1E EE 01 09 91 11 4E EE EE EE EE 16 06 37 16 06 40    09 03 00 00 03 00 02 00 03 1E EE 01 09 91 11 4E EE EE EE EE 16 06 37 16 06 40    09 03 00 00 03 00 02 00 03 1E EE 01 09 91 11 4E EE EE EE EE 16 06 37 16 06 40    09 03 00 00 03 00 02 00 03 1E EE 01 09 91 11 4E EE EE EE EE 16 06 37 16 06 40    09 03 00 00 03 00 02 00 03 1E EE 01 09 91 11 4E EE EE EE EE 16 06 37 16 06 40    09 03 00 00 03 00 02 00 03 1E EE 01 09 91 11 4E EE EE EE EE 16 06 37 16 06 40    09 03 00 00 03 00 02 00 03 1E EE 01 09 91 11 4E EE EE EE EE 16 06 37 16 06 40    09 03 00 00 03 00 02 00 03 111

111 1E EE 01 09 91 11 4E EE EE EE EE 16 06 37 16 06 40    09 03 00 00 03 00 02 00 03 1E EE 01 09 91 11 4E EE EE EE EE 16 06 37 16 06 40    09 03 00 00 03 00 02 00 03 1E EE 01 09 91 11 4E EE EE EE EE 16 06 37 16 06 40    09 03 00 00 03 00 02 00 03 1E EE 01 09 91 11 4E EE EE EE EE 16 06 37 16 06 40    09 03 00 00 03 00 02 00 03 1E EE 01 09 91 11 4E EE EE EE EE 16 06 37 16 06 40    09 03 00 00 03 00 02 00 03 1E EE 01 09 91 11 4E EE EE EE EE 16 06 37 16 06 40    09 03 00 00 03 00 02 00 03 1E EE 01 09 91 11 4E EE EE EE EE 16 06 37 16 06 40    09 03 00 00 03 00 02 00 03 1E EE 01 09 91 11 4E EE EE EE EE 16 06 37 16 06 40    09 03 00 00 03 00 02 00 03 1E EE 01 09 91 11 4E EE EE EE EE 16 06 37 16 06 40    09 03 00 00 03 00 02 00 03 1E EE 01 09 91 11 4E EE EE EE EE 16 06 37 16 06 40    09 03 00 00 03 00 02 00 03 1E EE 01 09 91 11 4E EE EE EE EE 16 06 37 16 06 40    09 03 00 00 03 00 02 00 03 1E EE 01 09 91 11 4E EE EE EE EE 16 06 37 16 06 40    09 03 00 00 03 00 02 00 03 1E EE 01 09 91 11 4E EE EE EE EE 16 06 37 16 06 40    09 03 00 00 03 00 02 00 03 111fputs called!Afputs called!A